
First solutions:

 qx10: 1 10 5 7 9 3 8 2 4 6
 qx11: 1 10 2 5 8 11 9 3 6 4 7
 qx12: 1 10 12 7 11 4 2 9 5 3 8 6
 qx13: 1 10 12 2 6 3 9 11 13 4 7 5 8

 qx22: 0.5"
 15 1 3 5 2 4 10 12 18 16 19 22 20 9 6 21 7 11 13 8 17 14

 qx26: 0.5"
 15 1 3 5 2 4 10 12 14 16 18 22 24 26 23 25 19 6 8 13 11 9 7 20 17 21

 qx27: 1"
 15 1 3 5 2 4 10 12 14 16 7 22 26 23 27 24 19 25 6 9 11 13 8 17 20 18 21

 qx28: 5.8"
 15 1 3 5 2 4 10 12 14 16 7 23 25 22 28 26 24 27 21 11 6 17 9 13 19 8 20 18

 qx29: 3"
 15 1 3 5 2 4 10 12 14 16 7 19 23 27 24 28 25 29 6 8 13 11 9 26 20 17 21 18 22

 qx32: 191"
 31 1 3 5 2 4 9 11 13 15 6 18 22 26 32 29 27 25 30 28 17 7 10 12 16 8 19 14 23
 20 24 21

 qx33: 80"
 18 1 3 5 2 4 9 12 14 16 6 15 20 22 28 30 32 27 29 31 33 8 11 7 10 13 17 19 23
 26 24 21 25

 qx34: 910"
 26 1 3 5 2 4 9 11 13 15 6 8 19 28 30 25 33 31 29 27 32 34 17 7 10 12 16 18 22
 14 23 20 24 21

solutions for 8 queens

4 2 7 3 6 8 5 1
5 2 4 7 3 8 6 1
3 5 2 8 6 4 7 1
3 6 4 2 8 5 7 1
5 7 1 3 8 6 4 2
4 6 8 3 1 7 5 2
3 6 8 1 4 7 5 2
5 3 8 4 7 1 6 2
5 7 4 1 3 8 6 2
4 1 5 8 6 3 7 2
3 6 4 1 8 5 7 2
4 7 5 3 1 6 8 2
6 4 2 8 5 7 1 3
6 4 7 1 8 2 5 3
1 7 4 6 8 2 5 3
6 8 2 4 1 7 5 3
6 2 7 1 4 8 5 3
4 7 1 8 5 2 6 3
5 8 4 1 7 2 6 3
4 8 1 5 7 2 6 3
2 7 5 8 1 4 6 3
1 7 5 8 2 4 6 3
2 5 7 4 1 8 6 3
4 2 7 5 1 8 6 3
5 7 1 4 2 8 6 3
6 4 1 5 8 2 7 3
5 1 4 6 8 2 7 3
5 2 6 1 7 4 8 3
6 3 7 2 8 5 1 4
2 7 3 6 8 5 1 4
7 3 1 6 8 5 2 4
5 1 8 6 3 7 2 4
1 5 8 6 3 7 2 4
3 6 8 1 5 7 2 4
6 3 1 7 5 8 2 4
7 5 3 1 6 8 2 4
7 3 8 2 5 1 6 4
5 3 1 7 2 8 6 4
2 5 7 1 3 8 6 4
3 6 2 5 8 1 7 4
6 1 5 2 8 3 7 4
8 3 1 6 2 5 7 4
2 8 6 1 3 5 7 4
5 7 2 6 3 1 8 4
3 6 2 7 5 1 8 4
6 2 7 1 3 5 8 4
3 7 2 8 6 4 1 5
6 3 7 2 4 8 1 5
4 2 7 3 6 8 1 5
7 1 3 8 6 4 2 5
1 6 8 3 7 4 2 5
3 8 4 7 1 6 2 5
6 3 7 4 1 8 2 5
7 4 2 8 6 1 3 5
4 6 8 2 7 1 3 5
2 6 1 7 4 8 3 5
2 4 6 8 3 1 7 5
3 6 8 2 4 1 7 5
6 3 1 8 4 2 7 5
8 4 1 3 6 2 7 5
4 8 1 3 6 2 7 5
2 6 8 3 1 4 7 5
7 2 6 3 1 4 8 5
3 6 2 7 1 4 8 5
4 7 3 8 2 5 1 6
4 8 5 3 1 7 2 6
3 5 8 4 1 7 2 6
4 2 8 5 7 1 3 6
5 7 2 4 8 1 3 6
7 4 2 5 8 1 3 6
8 2 4 1 7 5 3 6
7 2 4 1 8 5 3 6
5 1 8 4 2 7 3 6
4 1 5 8 2 7 3 6
5 2 8 1 4 7 3 6
3 7 2 8 5 1 4 6
3 1 7 5 8 2 4 6
8 2 5 3 1 7 4 6
3 5 2 8 1 7 4 6
3 5 7 1 4 2 8 6
5 2 4 6 8 3 1 7
6 3 5 8 1 4 2 7
5 8 4 1 3 6 2 7
4 2 5 8 6 1 3 7
4 6 1 5 2 8 3 7
6 3 1 8 5 2 4 7
5 3 1 6 8 2 4 7
4 2 8 6 1 3 5 7
6 3 5 7 1 4 2 8
6 4 7 1 3 5 2 8
4 7 5 2 6 1 3 8
5 7 2 6 3 1 4 8

solutions for queens x 10
7 4 2 9 5 10 8 6 3 1
8 5 2 4 10 7 9 6 3 1
5 8 2 4 10 7 9 6 3 1
6 8 5 2 4 10 7 9 3 1
7 5 2 8 10 3 9 6 4 1
6 8 3 5 9 2 10 7 4 1
6 8 5 2 9 3 10 7 4 1
8 3 5 2 9 6 10 7 4 1
9 6 3 5 2 8 10 7 4 1
6 2 9 5 3 8 10 7 4 1
6 3 9 2 5 8 10 7 4 1
7 2 6 3 10 8 5 9 4 1
5 8 6 3 10 2 7 9 4 1
8 5 2 6 3 10 7 9 4 1
6 8 2 5 3 9 7 10 4 1
6 3 9 4 8 10 2 7 5 1
8 6 3 9 2 4 10 7 5 1
4 6 9 3 10 7 2 8 5 1
9 6 4 2 7 3 10 8 5 1
3 6 9 2 4 7 10 8 5 1
8 3 7 4 2 9 6 10 5 1
8 5 2 9 3 10 7 4 6 1
9 3 5 2 8 10 7 4 6 1
8 5 2 10 3 7 9 4 6 1
8 2 5 3 9 7 10 4 6 1
4 10 5 3 9 7 2 8 6 1
4 10 5 2 9 7 3 8 6 1
4 7 10 3 9 2 5 8 6 1
2 7 5 3 9 4 10 8 6 1
7 5 10 2 4 8 3 9 6 1
8 5 2 4 7 10 3 9 6 1
3 7 2 4 8 10 5 9 6 1
3 5 10 8 4 2 7 9 6 1
8 5 2 4 9 7 3 10 6 1
5 3 9 4 10 8 6 2 7 1
8 3 5 10 2 9 6 4 7 1
9 6 3 5 2 8 10 4 7 1
4 6 9 3 10 8 2 5 7 1
4 10 3 6 9 2 8 5 7 1
4 8 5 3 10 6 2 9 7 1
4 6 10 3 5 8 2 9 7 1
5 10 6 4 2 8 3 9 7 1
4 2 5 8 10 3 6 9 7 1
4 8 3 5 9 2 6 10 7 1
6 4 10 5 3 9 7 2 8 1
6 4 9 5 3 10 7 2 8 1
5 7 4 10 3 6 9 2 8 1
3 6 10 5 2 9 7 4 8 1
5 3 10 6 2 9 7 4 8 1
5 2 6 10 3 7 9 4 8 1
6 4 7 10 3 9 2 5 8 1
3 5 9 4 10 7 2 6 8 1
5 3 10 4 7 9 2 6 8 1
5 7 10 4 2 9 3 6 8 1
7 4 10 5 2 9 3 6 8 1
2 5 7 4 10 3 9 6 8 1
5 3 6 9 2 4 7 10 8 1
6 3 7 2 4 8 10 5 9 1
4 8 5 3 10 7 2 6 9 1
7 4 2 5 8 10 3 6 9 1
6 3 5 10 8 4 2 7 9 1
4 6 10 5 2 8 3 7 9 1
6 4 2 8 3 9 7 5 10 1
4 6 3 9 2 8 5 7 10 1
9 7 5 3 1 10 8 6 4 2
5 7 1 10 6 9 3 8 4 2
7 3 1 6 9 5 10 8 4 2
3 8 6 1 10 5 7 9 4 2
5 8 1 3 6 9 7 10 4 2
4 8 3 9 6 10 1 7 5 2
1 8 6 9 3 10 4 7 5 2
10 6 3 1 8 4 9 7 5 2
9 4 6 3 10 7 1 8 5 2
9 6 1 3 10 7 4 8 5 2
9 4 1 7 10 3 6 8 5 2
10 7 4 1 3 9 6 8 5 2
10 4 7 1 3 9 6 8 5 2
7 4 1 9 6 3 10 8 5 2
6 8 3 7 4 10 1 9 5 2
7 1 3 6 8 10 4 9 5 2
9 6 3 7 4 1 8 10 5 2
4 8 5 9 1 10 7 3 6 2
9 4 1 5 8 10 7 3 6 2
7 1 4 9 5 8 10 3 6 2
7 4 10 5 9 1 3 8 6 2
5 9 1 10 4 7 3 8 6 2
4 7 10 3 5 8 1 9 6 2
4 8 5 3 1 10 7 9 6 2
8 5 1 4 9 7 3 10 6 2
1 6 8 10 4 9 3 5 7 2
9 6 3 10 4 1 8 5 7 2
5 1 6 4 10 8 3 9 7 2
9 6 3 5 8 1 4 10 7 2
4 8 3 5 9 1 6 10 7 2
9 5 8 4 1 3 6 10 7 2
4 6 1 10 5 7 9 3 8 2
4 7 3 10 6 1 9 5 8 2
10 5 7 4 1 3 9 6 8 2
5 7 1 4 6 9 3 10 8 2
7 3 6 9 5 1 4 10 8 2
6 4 7 10 3 5 8 1 9 2
7 5 1 6 4 10 8 3 9 2
6 8 5 1 4 7 10 3 9 2
7 3 8 6 4 1 10 5 9 2
5 8 4 7 10 3 1 6 9 2
7 5 8 1 4 10 3 6 9 2
4 7 5 3 1 10 8 6 9 2
6 4 1 5 8 10 3 7 9 2
3 6 8 5 1 4 10 7 9 2
6 8 5 1 4 9 7 3 10 2
5 8 6 9 3 1 4 7 10 2
7 4 6 1 9 5 3 8 10 2
7 2 4 8 10 5 9 6 1 3
6 9 1 4 7 10 8 2 5 3
8 1 4 7 10 6 9 2 5 3
8 2 9 1 6 4 10 7 5 3
6 10 7 2 4 9 1 8 5 3
10 6 4 1 7 9 2 8 5 3
8 4 2 7 10 6 1 9 5 3
6 8 1 4 7 10 2 9 5 3
7 2 6 8 10 1 4 9 5 3
8 1 7 2 10 6 4 9 5 3
1 8 6 2 7 10 4 9 5 3
1 6 9 7 2 4 8 10 5 3
7 4 8 5 9 1 10 2 6 3
7 2 8 5 9 1 10 4 6 3
5 9 2 10 7 4 1 8 6 3
2 9 7 10 4 1 5 8 6 3
7 4 2 5 9 1 10 8 6 3
7 9 2 5 1 4 10 8 6 3
8 5 2 10 7 4 1 9 6 3
5 2 8 10 7 4 1 9 6 3
10 5 7 2 4 8 1 9 6 3
8 4 2 7 5 10 1 9 6 3
5 1 8 10 7 4 2 9 6 3
1 5 8 10 7 4 2 9 6 3
10 5 7 4 1 8 2 9 6 3
10 7 2 4 1 8 5 9 6 3
10 8 5 2 4 1 7 9 6 3
10 5 1 8 4 2 7 9 6 3
10 5 2 8 1 4 7 9 6 3
8 1 4 7 9 2 5 10 6 3
1 8 4 7 9 2 5 10 6 3
9 5 1 8 4 2 7 10 6 3
1 6 9 5 10 8 4 2 7 3
4 9 5 10 1 6 8 2 7 3
5 1 9 4 6 8 10 2 7 3
8 6 2 10 5 1 4 9 7 3
8 5 2 10 1 6 4 9 7 3
6 8 2 5 1 9 4 10 7 3
4 6 9 5 10 1 7 2 8 3
10 6 1 5 2 9 7 4 8 3
10 4 7 5 2 9 1 6 8 3
2 4 9 7 5 10 1 6 8 3
7 10 4 1 5 9 2 6 8 3
7 9 4 1 5 10 2 6 8 3
4 2 7 5 10 1 9 6 8 3
10 7 4 1 5 2 9 6 8 3
4 9 7 5 2 6 1 10 8 3
6 2 7 5 1 9 4 10 8 3
4 6 1 10 7 5 8 2 9 3
8 6 4 1 7 5 10 2 9 3
10 5 7 1 4 2 8 6 9 3
5 8 4 1 7 2 10 6 9 3
7 5 8 1 4 6 9 2 10 3
5 1 8 6 2 9 7 4 10 3
8 6 2 7 5 1 9 4 10 3
7 4 8 1 5 9 2 6 10 3
5 1 8 4 7 9 2 6 10 3
6 9 5 8 1 4 2 7 10 3
8 6 9 2 5 1 4 7 10 3
8 5 1 6 9 2 4 7 10 3
4 2 8 6 9 1 5 7 10 3
4 6 8 2 5 1 9 7 10 3
4 7 9 6 2 5 1 8 10 3
6 1 5 7 9 4 2 8 10 3
6 9 7 1 4 2 5 8 10 3
6 2 9 7 3 10 8 5 1 4
6 10 3 5 8 2 9 7 1 4
8 3 5 9 2 6 10 7 1 4
5 3 9 7 10 2 6 8 1 4
5 7 9 3 6 2 10 8 1 4
1 7 9 6 3 10 8 5 2 4
7 3 6 8 10 1 9 5 2 4
3 8 6 9 1 10 5 7 2 4
5 8 10 1 3 6 9 7 2 4
8 3 5 9 1 6 10 7 2 4
6 1 10 5 7 9 3 8 2 4
7 3 10 6 1 9 5 8 2 4
3 10 7 5 1 9 6 8 2 4
5 7 9 6 3 1 10 8 2 4
5 1 9 6 3 7 10 8 2 4
7 1 3 6 8 10 5 9 2 4
7 5 1 8 10 3 6 9 2 4
8 5 3 1 7 10 6 9 2 4
7 3 1 8 5 9 6 10 2 4
10 5 2 8 3 7 9 1 6 4
2 8 3 9 7 5 10 1 6 4
3 9 2 8 5 7 10 1 6 4
1 10 7 5 8 2 9 3 6 4
5 8 1 9 7 2 10 3 6 4
9 2 5 8 1 7 10 3 6 4
8 1 9 2 5 7 10 3 6 4
3 10 7 9 1 5 2 8 6 4
5 9 1 3 7 2 10 8 6 4
5 3 1 9 7 2 10 8 6 4
10 7 5 2 8 1 3 9 6 4
1 5 8 2 7 10 3 9 6 4
1 7 5 2 8 10 3 9 6 4
7 2 8 3 1 10 5 9 6 4
3 8 2 7 1 10 5 9 6 4
7 9 2 5 8 1 3 10 6 4
1 7 9 2 8 5 3 10 6 4
1 9 7 3 8 2 5 10 6 4
9 2 8 3 1 7 5 10 6 4
9 5 3 8 10 2 6 1 7 4
10 3 5 8 2 9 6 1 7 4
8 5 9 1 10 2 6 3 7 4
2 8 5 9 1 6 10 3 7 4
8 1 5 9 2 6 10 3 7 4
2 9 6 8 10 1 3 5 7 4
9 1 3 8 6 2 10 5 7 4
6 10 3 1 8 5 2 9 7 4
10 8 5 3 1 6 2 9 7 4
3 10 8 1 5 2 6 9 7 4
8 5 3 1 10 2 6 9 7 4
10 2 5 8 1 3 6 9 7 4
9 6 3 1 8 5 2 10 7 4
6 2 9 1 8 5 3 10 7 4
2 6 9 1 8 5 3 10 7 4
1 6 8 5 2 9 3 10 7 4
7 3 10 6 2 9 5 1 8 4
7 9 3 6 2 10 5 1 8 4
6 3 10 7 5 2 9 1 8 4
5 3 10 7 2 6 9 1 8 4
9 2 6 1 10 7 5 3 8 4
7 2 10 6 1 9 5 3 8 4
2 7 10 6 1 9 5 3 8 4
1 7 10 6 2 9 5 3 8 4
7 2 6 9 1 10 5 3 8 4
2 5 7 1 10 6 9 3 8 4
5 2 6 1 10 7 9 3 8 4
9 3 1 7 10 6 2 5 8 4
6 3 9 7 1 10 2 5 8 4
7 9 6 2 10 1 3 5 8 4
2 6 9 7 10 1 3 5 8 4
1 7 9 2 6 10 3 5 8 4
1 9 6 2 7 10 3 5 8 4
7 3 6 2 10 1 9 5 8 4
2 6 3 7 10 1 9 5 8 4
7 9 1 5 2 6 3 10 8 4
9 7 3 1 6 2 5 10 8 4
7 3 8 6 2 10 5 1 9 4
8 5 7 1 10 2 6 3 9 4
7 5 2 6 1 10 8 3 9 4
6 8 1 5 7 2 10 3 9 4
7 3 8 6 1 10 2 5 9 4
8 6 2 7 10 1 3 5 9 4
10 7 2 6 3 1 8 5 9 4
3 7 2 8 6 1 10 5 9 4
8 10 5 2 6 1 3 7 9 4
3 8 10 1 6 2 5 7 9 4
5 8 2 7 3 6 9 1 10 4
1 7 5 8 2 9 6 3 10 4
1 6 8 3 7 9 2 5 10 4
1 6 8 2 7 9 3 5 10 4
9 5 8 1 3 6 2 7 10 4
6 9 3 1 8 2 5 7 10 4
7 9 2 6 1 3 5 8 10 4
9 6 2 7 1 3 5 8 10 4
8 6 3 10 2 7 9 4 1 5
2 7 9 3 8 10 4 6 1 5
3 10 6 2 9 7 4 8 1 5
3 10 4 7 9 2 6 8 1 5
7 10 4 2 9 3 6 8 1 5
7 4 2 9 6 3 10 8 1 5
3 6 9 2 4 7 10 8 1 5
3 7 2 10 8 6 4 9 1 5
4 2 8 10 7 3 6 9 1 5
6 1 7 10 8 3 9 4 2 5
6 8 3 1 9 7 10 4 2 5
8 1 3 6 9 7 10 4 2 5
4 8 3 9 7 10 1 6 2 5
8 1 4 9 7 10 3 6 2 5
1 8 4 9 7 3 10 6 2 5
7 1 4 6 9 3 10 8 2 5
6 4 9 1 3 7 10 8 2 5
3 6 9 1 4 7 10 8 2 5
6 4 7 10 8 3 1 9 2 5
8 6 9 3 1 4 7 10 2 5
4 6 8 10 2 7 9 1 3 5
6 8 2 4 9 7 10 1 3 5
1 8 10 7 4 2 9 6 3 5
10 7 4 1 8 2 9 6 3 5
10 8 2 4 1 7 9 6 3 5
9 1 8 4 2 7 10 6 3 5
9 2 8 1 4 7 10 6 3 5
9 6 2 10 1 7 4 8 3 5
10 7 4 1 9 2 6 8 3 5
6 9 7 1 4 2 10 8 3 5
6 1 7 10 8 2 4 9 3 5
1 7 2 6 8 10 4 9 3 5
10 7 1 4 2 8 6 9 3 5
8 4 1 7 2 10 6 9 3 5
6 8 10 1 4 2 7 9 3 5
4 1 8 6 2 10 7 9 3 5
1 8 6 2 9 7 4 10 3 5
1 8 4 7 9 2 6 10 3 5
7 2 8 1 9 4 6 10 3 5
4 8 1 9 6 2 7 10 3 5
8 6 2 9 1 4 7 10 3 5
2 8 10 3 9 6 4 1 7 5
10 3 9 4 2 8 6 1 7 5
2 4 8 3 9 6 10 1 7 5
10 3 9 4 1 8 6 2 7 5
6 3 9 4 1 8 10 2 7 5
6 9 3 1 4 8 10 2 7 5
6 9 2 10 8 3 1 4 7 5
10 3 6 9 2 8 1 4 7 5
9 2 10 3 6 8 1 4 7 5
1 8 2 9 6 3 10 4 7 5
6 4 2 10 8 3 1 9 7 5
4 1 8 10 2 6 3 9 7 5
10 1 6 4 2 8 3 9 7 5
6 2 10 1 4 8 3 9 7 5
6 1 3 10 8 2 4 9 7 5
4 2 8 10 1 3 6 9 7 5
1 8 6 3 9 2 4 10 7 5
9 2 4 8 1 3 6 10 7 5
2 4 10 7 9 6 3 1 8 5
7 3 10 2 9 6 4 1 8 5
4 6 3 10 2 7 9 1 8 5
7 3 6 9 1 10 4 2 8 5
1 3 6 9 7 10 4 2 8 5
10 6 4 9 1 3 7 2 8 5
4 10 1 9 6 3 7 2 8 5
6 4 9 1 3 10 7 2 8 5
10 7 4 1 3 6 9 2 8 5
6 2 10 7 9 3 1 4 8 5
3 9 6 10 2 7 1 4 8 5
2 9 6 1 3 10 7 4 8 5
10 2 6 1 3 7 9 4 8 5
10 2 4 9 7 3 1 6 8 5
1 4 9 7 2 10 3 6 8 5
2 10 7 4 1 3 9 6 8 5
4 2 7 9 6 3 1 10 8 5
4 6 8 10 2 7 3 1 9 5
6 3 7 10 8 2 4 1 9 5
2 6 8 3 7 4 10 1 9 5
6 4 2 8 3 7 10 1 9 5
7 10 6 3 1 8 4 2 9 5
10 7 4 1 3 8 6 2 9 5
7 4 1 8 6 3 10 2 9 5
3 6 8 1 4 7 10 2 9 5
8 3 1 7 2 10 6 4 9 5
7 9 3 8 2 4 6 1 10 5
6 9 7 2 8 3 1 4 10 5
6 8 2 7 9 3 1 4 10 5
6 1 7 2 8 3 9 4 10 5
8 1 3 9 7 2 4 6 10 5
1 7 9 3 8 2 4 6 10 5
6 4 2 7 9 3 1 8 10 5
5 7 9 4 2 8 10 3 1 6
10 4 2 8 3 9 7 5 1 6
3 10 8 2 4 9 7 5 1 6
5 10 4 9 3 8 2 7 1 6
5 3 9 4 2 8 10 7 1 6
5 2 4 9 3 8 10 7 1 6
4 2 8 3 9 7 5 10 1 6
3 8 10 4 9 1 5 7 2 6
8 5 3 10 7 4 1 9 2 6
4 7 10 3 5 8 1 9 2 6
1 4 7 10 8 3 5 9 2 6
4 1 5 8 10 3 7 9 2 6
5 7 9 3 8 4 1 10 2 6
9 5 3 8 4 7 1 10 2 6
5 8 4 1 3 9 7 10 2 6
7 5 3 1 9 4 8 10 2 6
7 9 4 2 5 8 10 1 3 6
9 1 4 7 10 8 2 5 3 6
10 7 2 4 9 1 8 5 3 6
1 9 7 2 4 8 10 5 3 6
1 9 5 10 8 4 2 7 3 6
9 2 5 10 8 1 4 7 3 6
8 2 5 1 9 4 10 7 3 6
5 9 1 4 2 8 10 7 3 6
1 4 7 10 8 5 2 9 3 6
5 7 2 10 8 1 4 9 3 6
7 1 10 2 5 8 4 9 3 6
1 5 7 2 10 8 4 9 3 6
10 8 5 2 4 1 7 9 3 6
4 8 5 2 10 1 7 9 3 6
7 5 8 1 9 4 2 10 3 6
4 8 1 9 2 5 7 10 3 6
9 7 1 4 2 5 8 10 3 6
2 9 7 3 10 8 5 1 4 6
10 3 5 8 2 9 7 1 4 6
7 9 3 1 10 8 5 2 4 6
5 10 8 1 3 9 7 2 4 6
5 9 1 10 7 3 8 2 4 6
1 10 5 7 9 3 8 2 4 6
7 10 3 1 9 5 8 2 4 6
5 7 9 1 3 8 10 2 4 6
10 3 9 2 5 8 1 7 4 6
2 9 1 8 5 3 10 7 4 6
1 8 5 2 9 3 10 7 4 6
5 2 9 1 3 8 10 7 4 6
5 2 8 10 7 3 1 9 4 6
5 8 2 7 10 3 1 9 4 6
1 8 2 7 10 3 5 9 4 6
9 7 3 8 2 5 1 10 4 6
1 8 2 7 9 3 5 10 4 6
9 3 1 8 2 5 7 10 4 6
3 5 9 2 10 7 4 1 8 6
7 3 10 2 5 9 4 1 8 6
4 9 3 10 2 7 5 1 8 6
10 3 7 4 2 9 5 1 8 6
10 3 5 9 2 4 7 1 8 6
7 10 3 5 9 1 4 2 8 6
5 3 1 10 7 9 4 2 8 6
3 7 10 4 9 1 5 2 8 6
1 4 10 7 9 3 5 2 8 6
10 4 9 5 3 1 7 2 8 6
5 10 4 1 3 9 7 2 8 6
5 2 4 10 7 9 1 3 8 6
1 4 7 10 2 9 5 3 8 6
2 5 9 1 10 4 7 3 8 6
2 9 3 10 7 4 1 5 8 6
2 10 3 7 9 4 1 5 8 6
1 3 9 7 10 4 2 5 8 6
1 4 7 10 3 9 2 5 8 6
10 3 1 4 7 9 2 5 8 6
5 3 9 7 2 4 1 10 8 6
7 5 3 1 9 4 2 10 8 6
3 5 2 8 10 7 4 1 9 6
5 7 4 1 3 8 10 2 9 6
8 5 2 10 7 4 1 3 9 6
5 7 2 10 8 4 1 3 9 6
4 10 7 5 2 8 1 3 9 6
10 3 7 2 4 8 1 5 9 6
3 10 7 2 4 1 8 5 9 6
7 3 8 2 4 1 10 5 9 6
3 10 8 5 2 4 1 7 9 6
5 3 8 10 2 4 1 7 9 6
5 10 4 1 3 8 2 7 9 6
7 9 3 1 4 8 5 2 10 6
8 4 9 1 3 5 7 2 10 6
8 5 2 9 7 4 1 3 10 6
4 7 9 2 5 8 1 3 10 6
4 1 7 9 2 8 5 3 10 6
8 1 7 4 2 9 5 3 10 6
8 1 5 9 2 4 7 3 10 6
9 4 2 8 3 1 7 5 10 6
3 5 8 1 9 4 2 7 10 6
2 5 9 4 10 8 6 3 1 7
4 2 9 5 10 8 6 3 1 7
5 2 8 10 3 9 6 4 1 7
2 6 3 10 8 5 9 4 1 7
10 5 3 9 4 2 8 6 1 7
10 5 3 8 4 2 9 6 1 7
10 4 6 3 9 2 5 8 1 7
6 3 9 4 8 5 2 10 1 7
8 3 1 10 5 9 6 4 2 7
3 1 6 9 5 10 8 4 2 7
8 4 9 3 5 10 1 6 2 7
1 4 9 5 8 10 3 6 2 7
3 5 9 4 1 10 8 6 2 7
4 8 3 5 10 1 9 6 2 7
5 3 10 6 4 9 1 8 2 7
4 6 9 5 10 1 3 8 2 7
3 6 4 10 1 9 5 8 2 7
4 8 3 5 9 1 6 10 2 7
2 4 8 10 5 9 6 1 3 7
4 2 10 6 9 5 8 1 3 7
9 5 8 4 1 10 2 6 3 7
4 8 5 9 1 10 2 6 3 7
10 2 5 9 4 1 8 6 3 7
10 4 2 9 5 1 8 6 3 7
9 5 2 4 1 10 8 6 3 7
4 2 5 9 1 10 8 6 3 7
5 8 2 4 10 1 9 6 3 7
2 8 10 4 1 5 9 6 3 7
6 9 5 10 1 4 2 8 3 7
9 6 4 10 1 5 2 8 3 7
4 9 5 2 10 1 6 8 3 7
10 4 1 5 9 2 6 8 3 7
9 4 1 5 10 2 6 8 3 7
4 9 1 5 10 2 6 8 3 7
2 9 5 10 1 4 6 8 3 7
6 8 1 4 9 5 2 10 3 7
5 8 1 4 6 9 2 10 3 7
4 2 8 5 9 1 6 10 3 7
4 8 1 5 9 2 6 10 3 7
10 5 3 6 9 2 8 1 4 7
9 5 2 10 3 6 8 1 4 7
5 9 2 10 3 6 8 1 4 7
2 5 8 10 3 6 9 1 4 7
1 9 6 3 10 8 5 2 4 7
3 6 8 10 1 9 5 2 4 7
8 1 3 10 6 9 5 2 4 7
1 3 6 8 10 5 9 2 4 7
5 1 8 10 3 6 9 2 4 7
2 10 8 3 5 9 1 6 4 7
9 2 5 3 1 10 8 6 4 7
3 10 6 2 9 5 1 8 4 7
9 3 6 2 10 5 1 8 4 7
3 6 2 10 1 9 5 8 4 7
1 8 6 3 9 2 5 10 4 7
2 6 8 3 1 9 5 10 4 7
2 9 3 8 10 4 6 1 5 7
10 2 4 8 3 9 6 1 5 7
10 4 2 9 3 6 8 1 5 7
4 2 9 6 3 10 8 1 5 7
8 3 9 4 10 1 6 2 5 7
4 9 3 8 10 1 6 2 5 7
10 4 6 9 3 1 8 2 5 7
10 6 3 9 4 1 8 2 5 7
1 4 6 9 3 10 8 2 5 7
6 8 10 2 4 9 1 3 5 7
6 2 10 8 4 9 1 3 5 7
8 1 4 2 10 6 9 3 5 7
3 10 2 9 6 4 1 8 5 7
2 9 6 3 10 4 1 8 5 7
6 3 10 2 4 9 1 8 5 7
10 1 4 6 3 9 2 8 5 7
8 2 9 3 6 4 1 10 5 7
9 3 8 2 4 6 1 10 5 7
1 6 9 3 8 4 2 10 5 7
4 8 10 3 6 2 5 1 9 7
3 6 8 10 4 1 5 2 9 7
4 6 10 3 1 8 5 2 9 7
4 10 8 5 3 1 6 2 9 7
6 10 2 5 8 4 1 3 9 7
6 4 2 5 8 10 1 3 9 7
8 1 4 6 10 2 5 3 9 7
4 8 1 5 10 2 6 3 9 7
5 10 1 6 4 2 8 3 9 7
3 8 6 2 10 5 1 4 9 7
6 3 1 10 8 5 2 4 9 7
8 3 5 2 10 1 6 4 9 7
4 8 5 3 1 10 2 6 9 7
10 4 2 5 8 1 3 6 9 7
6 4 2 8 5 9 1 3 10 7
6 8 2 4 1 9 5 3 10 7
3 8 6 2 9 5 1 4 10 7
5 1 8 6 3 9 2 4 10 7
5 9 2 4 8 1 3 6 10 7
5 2 4 10 7 9 6 3 1 8
5 10 6 4 2 7 9 3 1 8
7 4 2 5 9 6 10 3 1 8
7 5 3 9 6 10 2 4 1 8
7 9 3 5 2 10 6 4 1 8
3 6 10 5 2 9 7 4 1 8
3 5 2 9 6 10 7 4 1 8
5 2 6 3 10 7 9 4 1 8
6 10 3 7 4 2 9 5 1 8
4 7 3 10 6 2 9 5 1 8
3 5 9 4 6 10 2 7 1 8
6 10 3 5 9 2 4 7 1 8
4 6 3 10 7 5 2 9 1 8
6 3 7 10 4 9 1 5 2 8
1 6 4 10 7 9 3 5 2 8
3 5 7 10 4 6 1 9 2 8
7 5 10 1 4 6 3 9 2 8
5 9 4 6 10 2 7 1 3 8
7 2 4 6 9 5 10 1 3 8
1 4 7 10 6 9 2 5 3 8
7 9 4 6 1 10 2 5 3 8
4 2 7 10 6 1 9 5 3 8
4 1 7 10 6 2 9 5 3 8
9 7 2 4 6 1 10 5 3 8
1 7 4 6 9 2 10 5 3 8
1 5 10 6 9 2 4 7 3 8
7 5 2 6 1 10 4 9 3 8
5 3 9 6 10 2 7 1 4 8
3 6 9 1 10 5 7 2 4 8
3 5 9 1 6 10 7 2 4 8
6 10 2 7 5 3 1 9 4 8
7 2 6 1 10 5 3 9 4 8
10 5 2 6 1 3 7 9 4 8
2 6 10 3 7 9 4 1 5 8
10 3 7 4 2 9 6 1 5 8
3 10 7 4 2 9 6 1 5 8
1 6 9 3 10 7 4 2 5 8
1 6 10 3 7 9 4 2 5 8
1 3 6 9 7 10 4 2 5 8
1 4 9 7 10 3 6 2 5 8
1 6 4 7 10 3 9 2 5 8
10 6 3 1 4 7 9 2 5 8
6 10 3 1 4 7 9 2 5 8
3 7 9 4 6 1 10 2 5 8
1 6 4 9 7 3 10 2 5 8
6 9 3 1 4 7 10 2 5 8
3 6 9 1 4 7 10 2 5 8
4 2 9 6 10 7 1 3 5 8
4 7 9 6 2 10 1 3 5 8
9 2 4 1 7 10 6 3 5 8
6 2 9 1 4 7 10 3 5 8
4 9 3 6 2 10 1 7 5 8
4 7 3 6 2 10 1 9 5 8
10 5 2 4 9 7 3 1 6 8
10 3 5 9 4 1 7 2 6 8
3 10 4 9 1 5 7 2 6 8
4 9 5 3 1 10 7 2 6 8
5 3 10 7 4 1 9 2 6 8
3 7 9 4 1 5 10 2 6 8
1 5 7 10 4 2 9 3 6 8
5 1 4 9 7 2 10 3 6 8
3 9 2 10 5 7 1 4 6 8
3 10 7 4 1 5 2 9 6 8
5 2 10 7 4 1 3 9 6 8
4 9 7 3 1 6 2 5 10 8
4 7 5 10 2 6 8 3 1 9
6 3 5 2 8 10 7 4 1 9
5 3 6 10 7 2 4 8 1 9
8 5 3 6 10 7 1 4 2 9
5 7 10 6 3 1 8 4 2 9
7 4 6 8 10 1 3 5 2 9
4 6 3 10 7 1 8 5 2 9
6 3 7 4 1 8 10 5 2 9
4 8 3 5 7 10 1 6 2 9
5 3 6 10 7 4 1 8 2 9
4 6 10 5 7 1 3 8 2 9
5 7 4 1 8 6 3 10 2 9
4 8 5 2 6 10 7 1 3 9
6 4 10 7 5 2 8 1 3 9
1 6 4 7 10 8 2 5 3 9
7 4 8 1 5 10 2 6 3 9
7 5 10 1 6 4 2 8 3 9
2 6 3 7 10 8 5 1 4 9
7 3 8 6 2 10 5 1 4 9
2 5 8 6 3 10 7 1 4 9
6 10 5 7 1 3 8 2 4 9
2 5 8 1 7 10 3 6 4 9
10 5 3 1 7 2 8 6 4 9
3 6 10 7 2 4 8 1 5 9
7 3 6 8 10 1 4 2 5 9
7 4 1 8 6 3 10 2 5 9
6 2 10 1 7 4 8 3 5 9
4 7 1 6 2 10 8 3 5 9
4 10 7 2 6 3 1 8 5 9
2 7 10 6 3 1 4 8 5 9
7 3 6 2 10 1 4 8 5 9
2 5 8 4 7 10 3 1 6 9
4 10 8 5 3 1 7 2 6 9
5 3 8 4 7 1 10 2 6 9
4 7 10 2 5 8 1 3 6 9
1 7 4 10 8 2 5 3 6 9
1 4 7 10 8 2 5 3 6 9
2 7 10 4 1 8 5 3 6 9
2 5 10 8 1 4 7 3 6 9
2 7 5 8 1 4 10 3 6 9
1 5 8 10 3 7 2 4 6 9
10 3 5 2 8 1 7 4 6 9
7 3 8 2 5 1 10 4 6 9
6 3 10 8 5 2 4 1 7 9
8 3 5 10 1 6 4 2 7 9
4 8 10 5 2 6 1 3 7 9
6 4 10 1 5 2 8 3 7 9
2 4 6 8 10 1 3 5 7 9
7 5 8 2 9 3 6 4 1 10
5 7 9 3 8 2 4 6 1 10
7 5 1 6 9 3 8 4 2 10
5 8 6 1 3 7 9 4 2 10
4 7 9 6 3 1 8 5 2 10
7 3 6 8 1 4 9 5 2 10
5 8 4 9 7 3 1 6 2 10
6 8 5 2 9 7 4 1 3 10
9 6 4 7 1 8 2 5 3 10
4 7 1 6 9 2 8 5 3 10
6 4 1 7 9 2 8 5 3 10
6 8 1 7 4 2 9 5 3 10
8 6 2 7 1 4 9 5 3 10
5 7 4 1 8 2 9 6 3 10
6 9 5 1 8 4 2 7 3 10
6 8 1 5 9 2 4 7 3 10
8 5 1 6 9 2 4 7 3 10
6 4 7 1 8 5 2 9 3 10
5 7 2 6 8 1 4 9 3 10
5 7 1 6 8 2 4 9 3 10
7 3 8 6 2 9 5 1 4 10
7 9 6 3 1 8 5 2 4 10
6 1 5 7 9 3 8 2 4 10
7 5 1 8 6 3 9 2 4 10
7 3 6 8 1 5 9 2 4 10
7 1 8 5 2 9 3 6 4 10
7 5 2 8 1 3 9 6 4 10
2 5 8 6 9 3 1 7 4 10
3 8 6 1 9 2 5 7 4 10
6 8 2 7 1 3 5 9 4 10
3 6 9 7 2 4 8 1 5 10
8 6 1 3 7 9 4 2 5 10
8 4 9 7 3 1 6 2 5 10
3 6 9 7 4 1 8 2 5 10
4 6 1 9 7 3 8 2 5 10
9 4 6 8 2 7 1 3 5 10
7 4 1 8 2 9 6 3 5 10
7 1 6 9 2 4 8 3 5 10
7 1 6 8 2 4 9 3 5 10
3 9 6 8 2 4 1 7 5 10
3 6 9 1 8 4 2 7 5 10
2 8 6 9 3 1 4 7 5 10
3 6 9 2 8 1 4 7 5 10
3 8 4 7 9 2 5 1 6 10
8 5 2 9 7 4 1 3 6 10
2 5 7 9 4 8 1 3 6 10
7 5 2 8 1 4 9 3 6 10
3 5 8 2 9 7 1 4 6 10
5 8 2 7 3 1 9 4 6 10
5 3 9 6 8 2 4 1 7 10
3 6 9 5 8 1 4 2 7 10
6 3 5 8 1 9 4 2 7 10
4 9 5 8 1 3 6 2 7 10
5 8 2 9 6 3 1 4 7 10
5 9 2 6 8 3 1 4 7 10
2 5 8 6 9 3 1 4 7 10
3 8 6 9 2 5 1 4 7 10
5 3 6 9 2 8 1 4 7 10
5 3 8 6 2 9 1 4 7 10
4 6 9 3 1 8 2 5 7 10
5 3 6 9 7 1 4 2 8 10
6 3 9 7 1 4 2 5 8 10
3 6 9 7 1 4 2 5 8 10
4 7 9 2 6 1 3 5 8 10

# solutions 724  lap.=550404
